35,294
35,293
35,292
35,291
35,290
35,289
35,288
35,287
35,286
35,285
35,284
35,283
35,282
35,281
35,280
35,279
35,278
35,277
35,276
0,471
35,275
35,274
0,470
35,273
35,272
35,271
35,270
35,269
35,268
35,267
35,266
35,265
35,264
35,263
35,262
35,261
35,260
35,259
35,255
35,254
0,469
35,253
35,252
35,251
35,250
0,468
35,249
35,248
35,247
35,246
35,245
35,244
35,243
35,242
35,241
35,240
35,239
35,238
35,237
35,236
35,235
35,234
35,233
35,232
35,231
35,258
35,257
35,256
0,467
35,230
35,229
35,228
35,227
35,226
35,225
35,224
35,223
35,222
35,221
0,466
0,465
35,220
35,219
35,218
35,217
35,216
35,215
0,462
35,214
35,213
35,212
35,211
35,210
35,209
35,208
35,207
35,206
35,205
35,204
35,203
35,202
35,201
35,200
35,199
35,198
35,197
35,196
35,195
35,191
35,190
35,189
35,188
35,187
35,186
35,185
35,184
35,183
35,194
35,193
35,192
35,182
35,181
35,180
35,179
35,178
35,177
35,176
35,175
35,174
35,173
35,172
35,171
35,170
35,169
35,168
35,167
35,166
35,165
35,164
0,461
35,163
0,460
35,162
35,161
35,160
35,159
35,158
35,157
35,156
35,155
35,154
35,153
35,152
35,151
35,150
35,149
35,148
0,459
35,147
35,146
0,457
35,145
35,144
35,143
34,9
35,142
35,141
0,455
0,454
35,140
0,453
35,139
35,138
35,137
0,452
0,451
0,450
35,136
35,135
35,134
35,133
35,132
35,131
35,130
35,129
35,128
35,127
35,126
35,125
35,124
35,123
35,122
61,38
61,37
0,449
35,121
35,120
35,119
35,118
35,71
35,117
35,116
35,68
35,115
35,114
35,113
35,112
35,111
35,110
35,109
0,448
35,108
35,107
0,447
0,446
0,445
35,106
35,105
35,67
61,36
61,35
44,7
44,6
44,5
44,4
44,3
44,2
44,1
